3 34 2
13 34 2
8 44 2
40 36 2
43 27 2
44 34 2
47 37 2
44 43 2
47 46 2
47 41 2
44 18 2
40 11 2
44 8 2
47 13 2
40 20 2
33 39 3
28 35 3
24 46 3
24 29 2
18 29 2
11 29 2
6 26 2
13 2 6
62 5 2
63 13 2
67 20 2
63 24 2
79 27 3
87 21 3
91 21 3
91 8 3
82 7 3
77 7 3
123 22 6
114 9 2
111 8 2
109 6 2
107 7 2
105 9 2
105 43 4
110 47 4
113 47 4
144 48 4
148 46 4
142 6 4
179 6 3
175 11 3
171 24 3
184 16 3
184 2 5
180 2 4
173 37 2
175 41 2
180 39 4
183 42 4
220 33 2
224 29 2
228 26 2
229 21 3
218 21 3
265 6 5
271 22 2
266 25 2
271 32 3
277 38 3
270 39 4
265 43 4
282 32 4
287 23 4
291 26 4
282 54 4
273 63 4
281 74 4
289 69 5
290 81 5
261 77 2
261 71 3
257 68 3
257 64 2
235 68 2
229 81 3
231 84 3
212 60 4
218 54 4
190 75 4
192 84 4
133 86 2
130 83 2
129 81 2
126 79 2
122 83 2
118 79 2
118 75 2
122 61 4
125 64 5
125 60 5
76 72 6
80 97 2
83 96 2
88 87 2
92 76 3
92 72 3
75 56 3
67 56 3
26 65 3
31 90 4
28 107 4
26 122 4
35 133 4
25 143 5
18 138 5
17 169 3
21 173 3
37 182 3
29 222 5
28 225 5
36 218 4
31 213 4
20 213 4
15 220 4
17 259 4
13 267 5
15 268 5
19 273 5
29 280 2
33 277 2
37 272 2
36 282 3
31 288 3
28 288 3
59 293 3
62 290 3
79 286 3
83 285 4
79 263 4
94 275 4
143 276 4
138 273 5
135 269 5
132 267 5
130 270 5
122 270 3
121 269 3
118 266 3
114 268 3
111 271 3
117 278 3
121 294 5
125 297 5
129 298 5
133 296 5
127 285 4
131 285 4
182 285 4
175 277 4
175 289 4
182 289 5
185 263 3
183 261 3
180 258 3
177 256 3
167 261 2
173 265 2
174 264 2
182 266 2
235 268 2
232 266 2
225 267 2
220 272 2
224 276 2
218 284 2
268 284 2
273 264 4
272 273 5
282 263 5
282 259 5
282 205 5
279 208 5
276 218 4
278 228 4
273 234 4
265 241 4
261 234 4
261 220 4
211 220 4
220 227 4
224 231 4
240 235 4
240 228 2
237 222 2
233 218 2
229 214 2
223 212 2
217 207 2
167 207 2
165 210 2
163 215 2
163 219 2
169 226 3
173 230 3
169 234 3
163 240 3
115 228 6
123 205 3
126 203 3
132 217 3
137 222 3
143 225 4
143 237 4
146 244 4
92 244 4
89 241 4
82 225 4
70 160 6
84 165 2
88 169 2
96 170 2
96 165 2
95 161 2
91 157 2
141 156 2
137 160 2
133 164 2
164 177 5
160 177 4
163 182 4
164 187 4
168 190 4
183 174 3
180 186 3
230 186 3
227 182 3
226 178 4
217 168 4
216 160 2
219 157 2
224 156 2
235 168 2
238 174 2
238 179 2
287 177 2
286 176 2
284 174 2
279 169 2
270 159 3
276 158 3
281 163 3
287 168 3
158 59 2
155 62 2
154 67 2
165 72 2
174 63 6
54 66 2
51 70 2
54 75 2
40 76 2
38 79 2
41 84 2
59 110 2
70 121 3
83 143 4
226 138 3
230 142 3
235 143 3
240 138 3
287 138 3
282 133 3
269 133 2
265 129 2
260 124 2
260 119 2
264 121 2
123 193 3
139 176 3
29 18 2
26 22 2
33 26 2
73 34 2
55 40 2
57 44 2
57 55 2
39 53 2
18 60 2
8 55 2
8 105 2
28 112 2
39 124 2
57 127 2
61 135 2
89 110 2
83 104 2
76 111 2
63 89 2
58 94 2
34 23 3
44 21 3
44 30 3
60 33 3
61 40 3
61 60 3
58 81 3
25 81 3
22 85 3
19 93 3
11 113 4
133 43 2
129 47 2
123 42 2
111 33 3
106 28 3
163 10 3
160 16 2
157 21 2
160 28 2
231 42 2
227 45 2
289 60 2
293 55 2
261 108 3
265 104 3
274 113 3
216 113 3
206 117 3
162 120 3
120 112 2
125 107 2
131 113 2
133 120 2
123 137 3
127 143 3
137 134 3
30 131 3
17 233 2
21 239 2
27 245 2
29 256 2
32 253 2
5 287 5
10 294 5
64 265 4
61 272 4
55 278 4
55 254 4
122 254 2
118 256 2
111 262 2
106 253 2
135 253 2
140 259 2
240 259 2
237 255 3
232 254 3
212 254 3
207 261 3
207 270 3
213 191 3
208 184 3
166 169 2
163 163 2
157 157 2
156 164 2
180 191 4
185 196 4
121 165 4
113 156 4
105 163 4
39 60 2
43 64 2
114 66 2
109 71 2
107 77 2
108 89 2
108 110 2
69 193 2
66 188 3
61 183 3
57 187 3
55 192 3
55 211 3
59 215 3
59 229 3
66 236 3
16 277 4
16 284 4
43 292 4
75 273 4
77 279 4
108 278 4
110 285 4
137 291 4
158 291 4
161 267 4
155 277 4
233 282 4
239 288 4
266 293 4
259 288 4
259 281 5
255 261 5
277 283 5
286 292 5
293 281 5
286 272 5
278 252 5
293 234 5
293 220 5
263 210 5
258 246 4
221 242 4
208 231 2
213 240 2
192 242 4
190 231 4
180 234 4
180 221 4
184 214 4
135 247 4
110 245 4
110 216 4
141 208 4
135 201 4
110 205 2
91 210 2
84 204 2
71 206 2
73 218 2
36 241 2
40 235 3
43 227 3
24 221 5
15 206 2
8 206 2
21 180 2
15 186 2
7 178 2
7 158 2
31 158 2
37 165 2
33 175 2
30 186 3
25 191 3
42 191 3
91 178 3
88 187 4
92 193 4
121 185 4
129 183 5
138 192 5
189 162 4
193 157 4
243 163 4
239 155 3
257 177 3
264 184 3
271 177 3
282 185 3
275 193 3
257 161 3
264 142 3
210 138 3
211 125 3
226 125 3
242 126 3
239 113 3
231 105 3
168 106 3
183 113 3
152 141 3
161 148 3
169 139 3
188 130 2
194 125 2
175 122 2
166 128 2
159 110 2
143 110 3
143 128 3
119 120 3
110 125 3
106 137 3
81 118 4
87 127 4
73 133 5
64 141 5
63 115 5
19 117 5
38 143 2
12 95 2
12 85 2
15 72 2
33 72 4
143 67 4
140 76 4
140 56 4
189 56 4
187 65 4
181 82 4
171 92 4
161 86 2
160 87 2
156 93 2
164 97 2
223 87 2
217 93 2
210 85 2
213 79 2
208 70 2
221 70 3
226 64 3
236 55 3
239 65 3
240 73 3
240 79 2
242 90 2
281 89 3
274 96 3
269 92 4
263 85 5
290 8 5
282 3 5
276 16 5
251 18 2
251 25 2
241 36 2
240 15 2
233 8 2
242 3 2
217 12 3
211 6 3
211 33 3
214 39 3
209 44 3
192 40 3
189 28 2
185 10 2
109 15 2
131 8 2
146 13 2
148 28 3
146 37 3
142 42 3
87 34 3
92 40 3
86 47 3
74 15 3
55 16 2
20 37 2
6 63 4
19 68 5
27 57 4
9 75 5
